% function evaluation | noise-free fitness - Fopt (6.870000000000e+00) | best noise-free fitness - Fopt | measured fitness | best measured fitness | x1 | x2...
1 +1.356524738e+01 +1.356524738e+01 +2.043524738e+01 +2.043524738e+01 +1.8279e+00 +5.0964e-01 -4.9072e+00 -1.8599e+00 -3.6360e+00 -3.0689e+00 +1.6873e+00 -3.2139e+00 +3.4303e+00 +3.7748e+00
8 +9.573971569e+00 +9.573971569e+00 +1.644397157e+01 +1.644397157e+01 +3.3554e+00 +1.8646e+00 +4.0375e-01 +3.7062e+00 -2.2429e+00 +2.9064e+00 +3.0225e+00 +4.9072e+00 -2.4784e+00 -2.2486e-01
15 +5.362413004e+00 +5.362413004e+00 +1.223241300e+01 +1.223241300e+01 +2.2126e+00 +2.6822e+00 +8.8382e-01 -2.1649e+00 -2.2715e+00 +2.3399e+00 +4.7383e+00 -2.4000e+00 +4.8454e+00 -3.0306e+00
60 +3.508409532e+00 +3.508409532e+00 +1.037840953e+01 +1.037840953e+01 -7.0696e-01 -4.6692e+00 +3.7561e+00 -3.9343e+00 +2.3938e-02 -3.1262e+00 -4.6418e+00 -2.1639e+00 -2.2729e+00 -4.7664e+00
448 +2.312580052e+00 +2.312580052e+00 +9.182580052e+00 +9.182580052e+00 -2.6854e+00 +4.9543e+00 +4.8742e+00 +2.1045e+00 -2.9727e+00 -7.9693e-01 -1.1884e-01 -2.4645e+00 -4.8188e+00 -4.5598e+00
12884 +1.474641673e+00 +1.474641673e+00 +8.344641673e+00 +8.344641673e+00 +3.1442e+00 +1.8722e+00 +4.0375e-01 +3.7062e+00 -2.2429e+00 -2.5160e+00 +3.0298e+00 -2.3716e+00 -2.4784e+00 -2.2486e-01
28127 +8.880151791e-01 +8.880151791e-01 +7.758015179e+00 +7.758015179e+00 -2.8378e+00 +1.8986e+00 +3.7397e+00 +2.2604e+00 -2.2317e+00 -2.5908e+00 +3.0241e+00 +1.9575e+00 -2.4514e+00 -3.1362e+00
153224 +5.540890403e-01 +5.540890403e-01 +7.424089040e+00 +7.424089040e+00 -5.0447e+00 +1.9468e+00 +4.4485e+00 -1.9052e+00 -2.9418e+00 -2.5420e+00 -9.5711e-02 +4.8621e+00 -2.5955e+00 +3.5668e-01
254314 +3.816815210e-01 +3.816815210e-01 +7.251681521e+00 +7.251681521e+00 -2.6854e+00 +4.9565e+00 +4.8457e+00 +2.1045e+00 -2.9343e+00 -7.9583e-01 -1.1140e-01 -2.4596e+00 -4.8191e+00 -4.5567e+00
